0.000000	0
0.000000	1
0.319219	1
0.319219	0
1.402287	0
1.402287	1
1.422535	1
1.422535	0
1.495536	0
1.495536	1
1.631560	1
1.631560	0
1.689382	0
1.689382	1
1.793915	1
1.793915	0
2.034832	0
2.034832	1
2.113633	1
2.113633	0
4.124846	0
4.124846	1
4.348779	1
4.348779	2
4.469459	2
4.469459	1
4.527188	1
4.527188	0
4.598070	0
4.598070	1
4.638668	1
4.638668	0
5.376213	0
5.376213	1
5.831176	1
5.831176	2
5.915300	2
5.915300	1
6.059742	1
6.059742	2
6.091957	2
6.091957	1
6.201301	1
6.201301	2
6.239249	2
6.239249	1
6.268656	1
6.268656	2
6.314792	2
6.314792	1
6.526780	1
6.526780	0
7.076778	0
7.076778	1
7.202555	1
7.202555	2
7.261669	2
7.261669	1
7.353692	1
7.353692	0
8.053534	0
8.053534	1
8.165968	1
8.165968	0
8.226519	0
8.226519	1
8.320637	1
8.320637	0
8.332426	0
8.332426	1
8.578403	1
8.578403	2
8.583983	2
8.583983	1
8.708269	1
8.708269	2
8.761130	2
8.761130	1
8.911059	1
8.911059	2
8.939409	2
8.939409	1
9.048461	1
9.048461	0
9.078568	0
9.078568	1
9.164537	1
9.164537	2
9.275685	2
9.275685	3
9.427197	3
9.427197	2
9.471924	2
9.471924	3
9.475048	3
9.475048	2
9.481884	2
9.481884	1
9.614286	1
9.614286	0
9.703859	0
9.703859	1
9.716418	1
9.716418	0
10.024983	0
10.024983	1
10.039013	1
10.039013	0
10.093336	0
10.093336	1
10.416385	1
10.416385	0
10.857696	0
10.857696	1
10.969073	1
10.969073	0
11.092746	0
11.092746	1
11.803739	1
11.803739	0
12.227160	0
12.227160	1
12.420128	1
12.420128	0
12.591731	0
12.591731	1
12.609715	1
12.609715	2
12.630465	2
12.630465	1
12.942327	1
12.942327	0
13.099979	0
13.099979	1
13.326773	1
13.326773	2
13.422502	2
13.422502	1
13.536859	1
13.536859	0
13.670051	0
13.670051	1
14.379973	1
14.379973	0
14.407698	0
14.407698	1
14.712336	1
14.712336	2
14.713497	2
14.713497	3
15.003831	3
15.003831	2
15.101895	2
15.101895	1
15.161189	1
15.161189	2
15.168159	2
15.168159	3
15.221723	3
15.221723	2
15.287343	2
15.287343	1
15.294023	1
15.294023	0
15.459638	0
15.459638	1
15.476658	1
15.476658	0
16.051033	0
16.051033	1
16.061018	1
16.061018	2
16.073545	2
16.073545	1
16.141031	1
16.141031	0
16.757837	0
16.757837	1
17.073605	1
17.073605	0
17.154617	0
17.154617	1
17.159006	1
17.159006	0
17.442699	0
17.442699	1
17.493811	1
17.493811	2
17.494829	2
17.494829	1
17.806616	1
17.806616	2
17.898500	2
17.898500	1
18.326382	1
18.326382	0
18.461651	0
18.461651	1
18.574080	1
18.574080	2
18.667965	2
18.667965	1
18.856014	1
18.856014	2
18.866152	2
18.866152	1
18.937471	1
18.937471	2
19.347351	2
19.347351	3
19.473219	3
19.473219	2
19.510170	2
19.510170	1
19.713749	1
19.713749	2
19.920080	2
19.920080	1
20.105265	1
20.105265	0
20.323702	0
20.323702	1
20.609226	1
20.609226	0
20.658930	0
20.658930	1
20.744740	1
20.744740	0
20.839960	0
20.839960	1
21.032440	1
21.032440	0
21.285769	0
21.285769	1
21.716797	1
21.716797	2
21.839802	2
21.839802	1
21.870993	1
21.870993	0
21.978479	0
21.978479	1
22.013697	1
22.013697	0
22.150253	0
22.150253	1
22.191481	1
22.191481	0
22.320667	0
22.320667	1
22.661362	1
22.661362	2
22.664192	2
22.664192	1
23.125448	1
23.125448	0
23.314154	0
23.314154	1
23.946352	1
23.946352	0
24.596663	0
24.596663	1
24.602573	1
24.602573	2
24.612024	2
24.612024	3
25.029371	3
25.029371	2
25.058933	2
25.058933	3
25.219543	3
25.219543	2
25.384586	2
25.384586	1
25.599167	1
25.599167	2
25.848356	2
25.848356	1
25.912649	1
25.912649	2
25.921890	2
25.921890	3
26.176912	3
26.176912	2
26.179226	2
26.179226	3
26.216528	3
26.216528	2
26.413418	2
26.413418	1
26.543341	1
26.543341	2
26.546392	2
26.546392	1
26.879507	1
26.879507	0
26.909464	0
26.909464	1
26.965740	1
26.965740	0
28.133112	0
28.133112	1
28.387403	1
28.387403	0
28.429234	0
28.429234	1
28.465879	1
28.465879	0
28.500395	0
28.500395	1
28.650957	1
28.650957	2
28.720205	2
28.720205	1
28.846958	1
28.846958	2
28.876459	2
28.876459	1
28.963633	1
28.963633	2
29.053221	2
29.053221	1
29.060823	1
29.060823	0
29.094854	0
29.094854	1
29.261675	1
29.261675	2
29.480494	2
29.480494	1
29.489918	1
29.489918	2
29.671719	2
29.671719	3
29.674322	3
29.674322	2
30.027349	2
30.027349	1
30.925697	1
30.925697	0
31.982189	0
31.982189	1
32.265358	1
32.265358	2
32.396217	2
32.396217	3
32.987923	3
32.987923	2
33.158092	2
33.158092	1
33.326725	1
33.326725	0
33.400822	0
33.400822	1
33.408207	1
33.408207	2
33.427368	2
33.427368	1
33.648365	1
33.648365	0
33.770267	0
33.770267	1
33.978214	1
33.978214	0
34.052914	0
34.052914	1
34.290642	1
34.290642	0
34.427628	0
34.427628	1
34.472946	1
34.472946	0
34.598400	0
34.598400	1
34.608303	1
34.608303	2
34.829994	2
34.829994	3
35.274406	3
35.274406	2
35.290161	2
35.290161	1
35.483734	1
35.483734	2
35.588802	2
35.588802	1
35.605164	1
35.605164	0
35.813690	0
35.813690	1
35.967800	1
35.967800	0
36.214645	0
36.214645	1
36.374947	1
36.374947	0
36.409184	0
36.409184	1
36.450272	1
36.450272	0
37.520847	0
37.520847	1
37.521481	1
37.521481	0
38.045799	0
38.045799	1
38.089043	1
38.089043	0
38.435204	0
38.435204	1
38.786583	1
38.786583	2
38.960358	2
38.960358	1
39.639397	1
39.639397	2
40.178757	2
40.178757	3
40.212132	3
40.212132	2
40.688465	2
40.688465	1
41.301823	1
41.301823	0
41.516117	0
41.516117	1
41.528828	1
41.528828	2
41.584507	2
41.584507	1
41.597885	1
41.597885	0
41.604454	0
41.604454	1
41.606098	1
41.606098	0
41.833466	0
41.833466	1
41.970253	1
41.970253	2
42.207436	2
42.207436	1
42.411266	1
42.411266	0
42.659184	0
42.659184	1
42.931740	1
42.931740	0
43.569969	0
43.569969	1
43.698685	1
43.698685	0
43.989914	0
43.989914	1
43.999531	1
43.999531	2
44.317249	2
44.317249	1
44.479321	1
44.479321	0
45.077274	0
45.077274	1
45.229729	1
45.229729	0
45.340813	0
45.340813	1
45.368599	1
45.368599	0
45.406567	0
45.406567	1
45.406761	1
45.406761	2
45.484230	2
45.484230	3
45.484367	3
45.484367	2
45.776489	2
45.776489	3
45.792461	3
45.792461	2
45.869743	2
45.869743	1
46.004543	1
46.004543	0
46.662865	0
46.662865	1
46.926289	1
46.926289	0
46.941170	0
46.941170	1
46.973503	1
46.973503	0
47.534187	0
47.534187	1
47.585625	1
47.585625	0
47.718826	0
47.718826	1
47.812790	1
47.812790	2
47.872318	2
47.872318	3
47.935314	3
47.935314	2
47.951744	2
47.951744	3
47.954815	3
47.954815	2
48.091797	2
48.091797	3
48.531067	3
48.531067	2
48.642277	2
48.642277	1
48.690338	1
48.690338	0
48.723328	0
48.723328	1
48.749718	1
48.749718	2
48.840683	2
48.840683	1
49.324841	1
49.324841	0
49.630474	0
49.630474	1
49.636620	1
49.636620	0
49.751842	0
49.751842	1
49.933773	1
49.933773	0
50.598152	0
50.598152	1
50.603172	1
50.603172	0
50.992268	0
50.992268	1
50.993813	1
50.993813	0
51.192413	0
51.192413	1
51.538040	1
51.538040	0
51.539127	0
51.539127	1
51.563080	1
51.563080	2
51.573170	2
51.573170	3
51.575039	3
51.575039	2
51.648323	2
51.648323	3
51.960285	3
51.960285	2
52.110157	2
52.110157	1
52.195156	1
52.195156	2
52.207275	2
52.207275	1
52.309357	1
52.309357	2
52.448814	2
52.448814	1
52.524078	1
52.524078	2
52.972980	2
52.972980	1
53.097004	1
53.097004	0
53.408569	0
53.408569	1
53.518005	1
53.518005	2
53.667259	2
53.667259	3
53.779606	3
53.779606	2
53.835964	2
53.835964	3
53.989399	3
53.989399	2
54.432907	2
54.432907	1
54.506950	1
54.506950	0
54.695412	0
54.695412	1
54.936153	1
54.936153	2
55.157417	2
55.157417	1
55.165649	1
55.165649	2
55.447025	2
55.447025	1
55.584770	1
55.584770	0
56.544212	0
56.544212	1
56.673843	1
56.673843	0
56.866673	0
56.866673	1
57.286404	1
57.286404	2
57.303455	2
57.303455	3
57.687050	3
57.687050	2
57.806263	2
57.806263	3
57.827271	3
57.827271	2
57.845139	2
57.845139	3
57.947803	3
57.947803	2
58.115086	2
58.115086	1
58.765762	1
58.765762	2
58.784275	2
58.784275	1
58.920231	1
58.920231	2
58.966091	2
58.966091	1
59.317814	1
59.317814	2
59.340286	2
59.340286	1
59.402206	1
59.402206	2
59.610672	2
59.610672	3
59.721794	3
59.721794	2
60.059479	2
60.059479	1
60.091576	1
60.091576	0
60.096886	0
60.096886	1
60.106373	1
60.106373	0
60.633640	0
60.633640	1
60.672630	1
60.672630	0
60.764378	0
60.764378	1
60.783424	1
60.783424	2
60.825874	2
60.825874	1
61.699886	1
61.699886	2
61.793941	2
61.793941	1
62.018646	1
62.018646	2
62.089581	2
62.089581	1
62.162888	1
62.162888	0
62.240593	0
62.240593	1
62.250336	1
62.250336	2
62.504848	2
62.504848	1
62.562538	1
62.562538	0
62.772987	0
62.772987	1
62.774632	1
62.774632	0
62.878895	0
62.878895	1
62.892857	1
62.892857	0
62.953766	0
62.953766	1
63.221027	1
63.221027	0
63.442703	0
63.442703	1
63.475853	1
63.475853	2
63.568928	2
63.568928	3
63.576527	3
63.576527	2
63.677826	2
63.677826	3
63.866600	3
63.866600	2
63.940041	2
63.940041	1
63.976757	1
63.976757	0
64.034355	0
64.034355	1
64.339111	1
64.339111	0
64.546631	0
64.546631	1
65.592827	1
65.592827	0
65.790039	0
65.790039	1
65.820862	1
65.820862	2
65.955132	2
65.955132	1
65.963478	1
65.963478	0
66.892975	0
66.892975	1
67.073387	1
67.073387	0
67.076996	0
67.076996	1
67.143280	1
67.143280	2
67.556480	2
67.556480	1
67.689743	1
67.689743	2
67.690926	2
67.690926	1
67.765564	1
67.765564	0
68.118515	0
68.118515	1
68.476799	1
68.476799	2
68.495827	2
68.495827	1
68.502129	1
68.502129	2
68.801949	2
68.801949	1
69.068909	1
69.068909	2
69.100456	2
69.100456	1
69.136436	1
69.136436	2
69.172951	2
69.172951	3
69.283768	3
69.283768	2
69.285843	2
69.285843	1
69.314247	1
69.314247	2
69.345612	2
69.345612	1
69.387680	1
69.387680	0
70.237785	0
70.237785	1
70.289177	1
70.289177	0
70.678825	0
70.678825	1
70.952568	1
70.952568	2
71.003250	2
71.003250	3
71.211029	3
71.211029	2
71.222282	2
71.222282	1
71.306976	1
71.306976	2
71.811226	2
71.811226	1
72.542488	1
72.542488	0
72.751442	0
72.751442	1
72.763504	1
72.763504	0
73.867996	0
73.867996	1
73.877495	1
73.877495	0
74.451797	0
74.451797	1
74.755180	1
74.755180	0
74.816307	0
74.816307	1
75.184891	1
75.184891	0
75.811310	0
75.811310	1
75.973183	1
75.973183	0
77.245094	0
77.245094	1
77.524261	1
77.524261	0
77.841080	0
77.841080	1
77.853699	1
77.853699	2
78.094727	2
78.094727	1
78.161880	1
78.161880	0
78.485260	0
78.485260	1
78.747719	1
78.747719	0
78.852150	0
78.852150	1
78.996162	1
78.996162	2
79.381081	2
79.381081	3
79.548317	3
79.548317	2
79.660400	2
79.660400	1
79.727249	1
79.727249	2
79.734924	2
79.734924	3
80.046455	3
80.046455	2
80.276360	2
80.276360	1
80.366951	1
80.366951	2
80.452805	2
80.452805	1
80.528526	1
80.528526	2
80.565247	2
80.565247	3
80.845268	3
80.845268	2
80.988762	2
80.988762	1
81.094467	1
81.094467	0
82.086037	0
82.086037	1
82.224197	1
82.224197	0
82.493660	0
82.493660	1
82.665634	1
82.665634	0
82.672058	0
82.672058	1
82.791138	1
82.791138	2
82.803215	2
82.803215	1
82.937172	1
82.937172	2
83.059189	2
83.059189	3
83.135002	3
83.135002	2
83.151085	2
83.151085	1
83.256470	1
83.256470	0
83.697037	0
83.697037	1
83.710915	1
83.710915	0
83.803795	0
83.803795	1
84.063721	1
84.063721	2
84.271767	2
84.271767	1
84.302185	1
84.302185	2
84.450806	2
84.450806	1
84.683220	1
84.683220	2
84.780205	2
84.780205	3
84.943687	3
84.943687	2
85.158493	2
85.158493	1
85.390221	1
85.390221	2
85.402481	2
85.402481	3
85.441879	3
85.441879	2
85.626991	2
85.626991	3
85.628448	3
85.628448	2
85.663239	2
85.663239	1
86.082474	1
86.082474	2
86.245743	2
86.245743	3
86.255157	3
86.255157	2
86.290367	2
86.290367	1
86.327461	1
86.327461	0
87.391037	0
87.391037	1
87.397820	1
87.397820	2
87.409096	2
87.409096	3
87.443710	3
87.443710	2
87.540833	2
87.540833	3
88.869247	3
88.869247	2
89.159874	2
89.159874	3
89.268135	3
89.268135	2
89.327942	2
89.327942	3
89.481537	3
89.481537	2
89.935829	2
89.935829	1
90.024765	1
90.024765	0
90.207733	0
90.207733	1
90.296654	1
90.296654	0
91.220093	0
91.220093	1
91.324615	1
91.324615	2
91.403961	2
91.403961	1
91.669533	1
91.669533	0
91.740425	0
91.740425	1
91.917992	1
91.917992	2
91.942360	2
91.942360	3
92.020767	3
92.020767	2
92.428955	2
92.428955	1
92.432449	1
92.432449	2
92.558273	2
92.558273	3
92.904045	3
92.904045	2
92.923706	2
92.923706	1
92.937210	1
92.937210	2
93.521721	2
93.521721	1
93.547310	1
93.547310	0
93.725807	0
93.725807	1
93.974983	1
93.974983	0
94.112411	0
94.112411	1
94.139061	1
94.139061	2
94.304848	2
94.304848	1
94.452332	1
94.452332	2
94.600311	2
94.600311	1
94.728226	1
94.728226	0
94.861832	0
94.861832	1
95.037117	1
95.037117	2
95.320313	2
95.320313	3
95.575645	3
95.575645	2
95.779099	2
95.779099	3
98.243210	3
98.243210	2
98.402969	2
98.402969	1
98.464127	1
98.464127	2
98.475204	2
98.475204	1
98.533707	1
98.533707	2
99.005875	2
99.005875	3
99.178596	3
99.178596	2
99.317772	2
99.317772	1
99.780060	1
99.780060	0
99.786545	0
99.786545	1
99.832260	1
99.832260	2
99.876572	2
99.876572	1
99.947380	1
99.947380	2
100.069717	2
100.069717	3
100.135452	3
100.135452	2
100.139938	2
100.139938	3
100.146545	3
100.146545	2
100.229355	2
100.229355	1
100.354797	1
100.354797	0
100.945541	0
100.945541	1
101.325081	1
101.325081	2
101.577621	2
101.577621	1
101.903534	1
101.903534	0
102.421936	0
102.421936	1
102.572876	1
102.572876	0
102.813736	0
102.813736	1
102.901436	1
102.901436	2
102.921234	2
102.921234	1
103.174095	1
103.174095	2
103.442307	2
103.442307	1
103.473175	1
103.473175	0
103.831390	0
103.831390	1
103.915405	1
103.915405	2
104.060623	2
104.060623	1
104.127007	1
104.127007	2
104.160683	2
104.160683	1
104.287697	1
104.287697	0
104.688202	0
104.688202	1
104.718620	1
104.718620	0
105.174240	0
105.174240	1
105.200676	1
105.200676	0
105.597649	0
105.597649	1
105.923225	1
105.923225	2
106.015335	2
106.015335	1
106.191185	1
106.191185	2
106.477463	2
106.477463	3
106.520012	3
106.520012	2
106.628532	2
106.628532	3
107.138771	3
107.138771	2
107.216866	2
107.216866	3
107.332855	3
107.332855	2
107.447563	2
107.447563	1
107.625008	1
107.625008	2
107.836617	2
107.836617	1
108.303261	1
108.303261	2
108.379494	2
108.379494	1
108.405273	1
108.405273	2
108.571571	2
108.571571	3
108.683334	3
108.683334	2
108.808594	2
108.808594	1
108.923492	1
108.923492	0
108.946754	0
108.946754	1
109.175179	1
109.175179	2
109.303009	2
109.303009	1
109.400307	1
109.400307	2
109.495796	2
109.495796	3
109.710609	3
109.710609	2
110.117279	2
110.117279	1
110.228798	1
110.228798	0
110.288536	0
110.288536	1
110.299629	1
110.299629	0
110.343010	0
110.343010	1
110.426163	1
110.426163	2
110.620590	2
110.620590	1
110.882439	1
110.882439	2
110.902328	2
110.902328	3
111.763893	3
111.763893	2
111.991402	2
111.991402	1
112.154221	1
112.154221	2
112.493172	2
112.493172	1
112.833336	1
112.833336	2
112.966164	2
112.966164	1
113.033356	1
113.033356	2
113.051712	2
113.051712	1
113.453278	1
113.453278	0
113.531052	0
113.531052	1
113.589188	1
113.589188	2
113.872696	2
113.872696	1
113.983948	1
113.983948	0
114.041969	0
114.041969	1
114.186096	1
114.186096	0
114.694832	0
114.694832	1
114.765053	1
114.765053	2
114.859566	2
114.859566	1
115.016106	1
115.016106	0
115.377678	0
115.377678	1
115.555244	1
115.555244	2
115.652267	2
115.652267	3
116.152542	3
116.152542	2
116.983391	2
116.983391	3
116.990700	3
116.990700	2
116.991127	2
116.991127	1
117.139137	1
117.139137	0
117.428040	0
117.428040	1
117.677200	1
117.677200	2
117.683014	2
117.683014	1
118.472824	1
118.472824	0
118.593346	0
118.593346	1
118.655220	1
118.655220	0
119.091454	0
119.091454	1
119.227333	1
119.227333	2
119.253273	2
119.253273	3
119.963432	3
119.963432	2
120.020515	2
120.020515	1
120.167786	1
120.167786	2
120.234970	2
120.234970	1
120.407043	1
120.407043	2
120.412819	2
120.412819	1
120.457481	1
120.457481	0
120.912804	0
120.912804	1
121.317337	1
121.317337	0
122.232079	0
122.232079	1
122.509987	1
122.509987	2
122.516182	2
122.516182	1
122.563301	1
122.563301	2
122.644371	2
122.644371	3
122.932961	3
122.932961	2
122.946404	2
122.946404	3
123.280411	3
123.280411	2
123.580490	2
123.580490	3
123.732910	3
123.732910	2
123.869659	2
123.869659	3
124.288788	3
124.288788	2
124.647011	2
124.647011	1
124.688011	1
124.688011	0
125.431908	0
125.431908	1
125.543694	1
125.543694	2
125.853004	2
125.853004	1
125.980736	1
125.980736	0
126.124054	0
126.124054	1
126.162605	1
126.162605	0
126.314117	0
126.314117	1
126.446213	1
126.446213	0
127.203117	0
127.203117	1
127.326706	1
127.326706	0
128.070847	0
128.070847	1
128.383606	1
128.383606	2
128.383835	2
128.383835	1
128.559265	1
128.559265	0
128.782166	0
128.782166	1
128.806320	1
128.806320	0
128.812805	0
128.812805	1
128.905563	1
128.905563	2
129.081573	2
129.081573	3
129.088287	3
129.088287	2
129.091293	2
129.091293	1
129.459473	1
129.459473	2
129.480896	2
129.480896	3
130.059189	3
130.059189	2
130.144577	2
130.144577	3
130.472275	3
130.472275	2
130.495255	2
130.495255	1
130.807907	1
130.807907	2
131.069183	2
131.069183	3
133.988434	3
133.988434	2
134.166534	2
134.166534	1
134.305878	1
134.305878	0
134.670410	0
134.670410	1
134.902267	1
134.902267	0
135.059845	0
135.059845	1
135.201416	1
135.201416	0
135.631668	0
135.631668	1
135.655045	1
135.655045	0
136.421997	0
136.421997	1
136.523956	1
136.523956	0
136.587753	0
136.587753	1
136.689529	1
136.689529	0
136.940338	0
136.940338	1
137.093414	1
137.093414	2
137.204330	2
137.204330	3
137.233368	3
137.233368	2
137.273041	2
137.273041	3
137.943939	3
137.943939	2
138.015320	2
138.015320	1
138.033615	1
138.033615	2
138.114624	2
138.114624	3
138.276840	3
138.276840	2
138.440170	2
138.440170	1
138.461868	1
138.461868	0
138.633972	0
138.633972	1
138.645157	1
138.645157	0
139.262238	0
139.262238	1
139.512070	1
139.512070	2
140.028534	2
140.028534	1
140.085449	1
140.085449	0
140.121201	0
140.121201	1
140.433975	1
140.433975	2
140.493027	2
140.493027	1
140.618576	1
140.618576	2
140.778290	2
140.778290	3
141.214737	3
141.214737	2
141.306076	2
141.306076	3
141.443008	3
141.443008	2
141.461288	2
141.461288	3
141.736160	3
141.736160	2
141.903015	2
141.903015	3
142.194992	3
142.194992	2
142.424316	2
142.424316	1
142.562485	1
142.562485	0
142.777527	0
142.777527	1
142.864471	1
142.864471	0
143.004578	0
143.004578	1
143.064117	1
143.064117	0
143.467117	0
143.467117	1
143.966492	1
143.966492	2
144.047745	2
144.047745	3
144.250641	3
144.250641	2
144.540161	2
144.540161	1
144.610977	1
144.610977	0
144.666428	0
144.666428	1
144.806152	1
144.806152	0
144.933548	0
144.933548	1
144.943329	1
144.943329	0
144.994293	0
144.994293	1
145.001144	1
145.001144	0
145.483932	0
145.483932	1
145.559937	1
145.559937	0
145.707825	0
145.707825	1
146.025848	1
146.025848	2
146.132980	2
146.132980	3
146.407578	3
146.407578	2
146.450989	2
146.450989	3
146.733521	3
146.733521	2
147.215851	2
147.215851	3
148.127014	3
148.127014	2
148.372437	2
148.372437	1
148.690765	1
148.690765	2
148.845139	2
148.845139	3
149.186722	3
149.186722	2
149.196182	2
149.196182	1
149.972961	1
149.972961	0
150.222427	0
150.222427	1
150.302811	1
150.302811	0
150.377487	0
150.377487	1
150.698120	1
150.698120	0
151.077026	0
151.077026	1
151.572906	1
151.572906	0
151.602966	0
151.602966	1
151.844116	1
151.844116	0
152.467819	0
152.467819	1
152.514297	1
152.514297	0
153.116882	0
153.116882	1
153.281631	1
153.281631	0
153.491089	0
153.491089	1
153.525208	1
153.525208	2
153.533035	2
153.533035	1
153.683105	1
153.683105	0
153.800827	0
153.800827	1
153.968704	1
153.968704	2
153.970505	2
153.970505	1
154.041138	1
154.041138	0
154.151459	0
154.151459	1
154.208374	1
154.208374	0
154.481796	0
154.481796	1
154.503372	1
154.503372	2
154.653976	2
154.653976	3
154.742722	3
154.742722	2
154.810318	2
154.810318	1
154.941360	1
154.941360	0
155.304474	0
155.304474	1
155.328751	1
155.328751	2
155.395386	2
155.395386	1
155.398148	1
155.398148	2
155.446930	2
155.446930	1
155.590912	1
155.590912	0
155.661972	0
155.661972	1
156.245987	1
156.245987	0
156.450897	0
156.450897	1
156.468918	1
156.468918	0
156.572098	0
156.572098	1
156.575058	1
156.575058	0
157.152817	0
157.152817	1
157.218628	1
157.218628	2
157.274048	2
157.274048	1
157.605621	1
157.605621	2
157.609009	2
157.609009	3
157.632507	3
157.632507	2
157.741226	2
157.741226	3
157.775787	3
157.775787	2
157.841415	2
157.841415	1
157.926025	1
157.926025	0
157.997711	0
157.997711	1
158.313095	1
158.313095	0
158.644211	0
158.644211	1
158.745422	1
158.745422	0
158.745544	0
158.745544	1
159.074463	1
159.074463	0
159.339111	0
159.339111	1
159.662369	1
159.662369	2
159.746002	2
159.746002	1
160.046539	1
160.046539	2
160.218704	2
160.218704	1
160.486710	1
160.486710	0
160.932617	0
160.932617	1
161.005127	1
161.005127	2
161.249542	2
161.249542	1
161.687317	1
161.687317	0
162.078766	0
162.078766	1
162.391144	1
162.391144	0
162.573181	0
162.573181	1
162.597366	1
162.597366	0
162.624313	0
162.624313	1
162.649948	1
162.649948	0
163.054565	0
163.054565	1
163.076019	1
163.076019	2
163.659409	2
163.659409	3
163.667206	3
163.667206	2
163.851151	2
163.851151	1
163.902023	1
163.902023	0
163.971695	0
163.971695	1
164.108139	1
164.108139	2
164.136703	2
164.136703	1
164.373474	1
164.373474	2
164.476044	2
164.476044	1
164.519180	1
164.519180	0
164.527985	0
164.527985	1
164.535934	1
164.535934	0
164.552994	0
164.552994	1
164.678940	1
164.678940	2
164.713272	2
164.713272	1
164.877289	1
164.877289	0
164.910706	0
164.910706	1
165.195435	1
165.195435	0
165.528488	0
165.528488	1
165.727158	1
165.727158	0
165.914597	0
165.914597	1
165.928055	1
165.928055	0
166.047455	0
166.047455	1
166.065048	1
166.065048	2
166.300186	2
166.300186	1
166.377548	1
166.377548	0
167.003540	0
167.003540	1
167.016342	1
167.016342	0
167.289413	0
167.289413	1
167.525299	1
167.525299	0
167.914551	0
167.914551	1
167.928650	1
167.928650	0
168.376236	0
168.376236	1
168.523651	1
168.523651	0
168.721741	0
168.721741	1
168.761429	1
168.761429	0
168.886734	0
168.886734	1
168.992142	1
168.992142	0
169.211182	0
169.211182	1
169.655212	1
169.655212	2
169.664291	2
169.664291	1
170.141968	1
170.141968	0
170.256958	0
170.256958	1
170.294876	1
170.294876	2
170.464233	2
170.464233	3
170.514969	3
170.514969	2
170.561050	2
170.561050	3
170.718781	3
170.718781	2
170.796875	2
170.796875	1
171.248932	1
171.248932	2
171.371353	2
171.371353	1
171.372803	1
171.372803	0
171.959869	0
171.959869	1
172.184235	1
172.184235	2
172.429123	2
172.429123	3
172.799576	3
172.799576	2
172.957840	2
172.957840	3
172.963562	3
172.963562	2
172.979965	2
172.979965	1
173.072784	1
173.072784	0
173.241776	0
173.241776	1
173.326813	1
173.326813	2
173.366699	2
173.366699	3
173.734207	3
173.734207	2
173.767700	2
173.767700	1
173.796585	1
173.796585	2
173.851746	2
173.851746	3
174.901596	3
174.901596	2
175.054642	2
175.054642	1
175.145004	1
175.145004	0
175.739990	0
175.739990	1
175.762207	1
175.762207	0
176.254395	0
176.254395	1
176.445786	1
176.445786	0
176.454376	0
176.454376	1
176.918304	1
176.918304	2
176.944687	2
176.944687	1
176.963287	1
176.963287	2
177.036133	2
177.036133	3
177.098541	3
177.098541	2
177.106644	2
177.106644	1
177.295135	1
177.295135	0
177.644760	0
177.644760	1
177.840805	1
177.840805	0
177.904800	0
177.904800	1
178.119431	1
178.119431	2
178.216263	2
178.216263	3
181.079147	3
181.079147	2
181.155502	2
181.155502	1
181.463074	1
181.463074	2
181.570084	2
181.570084	1
182.237915	1
182.237915	0
182.662445	0
182.662445	1
182.665527	1
182.665527	0
182.780365	0
182.780365	1
182.799789	1
182.799789	0
182.968781	0
182.968781	1
183.281372	1
183.281372	2
183.303879	2
183.303879	1
183.324219	1
183.324219	2
183.652832	2
183.652832	3
183.758209	3
183.758209	2
183.780960	2
183.780960	1
184.787811	1
184.787811	0
184.845215	0
184.845215	1
185.323990	1
185.323990	0
185.524170	0
185.524170	1
185.644699	1
185.644699	2
185.786499	2
185.786499	3
185.828751	3
185.828751	2
186.024780	2
186.024780	3
186.062332	3
186.062332	2
186.097839	2
186.097839	1
186.379654	1
186.379654	2
186.479584	2
186.479584	3
186.651688	3
186.651688	2
187.309265	2
187.309265	1
187.930923	1
187.930923	0
188.005280	0
188.005280	1
188.417084	1
188.417084	2
188.469772	2
188.469772	1
188.570084	1
188.570084	0
188.818924	0
188.818924	1
188.863174	1
188.863174	2
189.030136	2
189.030136	1
189.184799	1
189.184799	2
189.258743	2
189.258743	1
189.390701	1
189.390701	2
189.683151	2
189.683151	3
189.747955	3
189.747955	2
189.795517	2
189.795517	1
190.016663	1
190.016663	0
190.413986	0
190.413986	1
190.712433	1
190.712433	2
190.742615	2
190.742615	1
190.795135	1
190.795135	2
191.044571	2
191.044571	1
191.256104	1
191.256104	0
191.464111	0
191.464111	1
191.726318	1
191.726318	0
191.774307	0
191.774307	1
191.789749	1
191.789749	2
191.851227	2
191.851227	3
191.863892	3
191.863892	2
191.912415	2
191.912415	1
192.262604	1
192.262604	2
192.316788	2
192.316788	3
195.473572	3
195.473572	2
195.822739	2
195.822739	1
196.034729	1
196.034729	2
196.263397	2
196.263397	3
196.723740	3
196.723740	2
196.812485	2
196.812485	1
196.952209	1
196.952209	2
197.090378	2
197.090378	1
197.121201	1
197.121201	0
198.450394	0
198.450394	1
198.504059	1
198.504059	0
198.510025	0
198.510025	1
198.879608	1
198.879608	2
199.134811	2
199.134811	1
199.228668	1
199.228668	2
199.240738	2
199.240738	1
199.414307	1
199.414307	0
200.196060	0
200.196060	1
200.438766	1
200.438766	0
200.575150	0
200.575150	1
200.627167	1
200.627167	2
200.702271	2
200.702271	1
200.702423	1
200.702423	0
200.968994	0
200.968994	1
201.052643	1
201.052643	0
201.081100	0
201.081100	1
201.085190	1
201.085190	2
201.098999	2
201.098999	1
201.144379	1
201.144379	2
201.261337	2
201.261337	3
201.265289	3
201.265289	2
201.300003	2
201.300003	1
201.639099	1
201.639099	0
202.081741	0
202.081741	1
202.149673	1
202.149673	2
202.215744	2
202.215744	1
202.369324	1
202.369324	0
203.178329	0
203.178329	1
203.183701	1
203.183701	0
203.435638	0
203.435638	1
203.697250	1
203.697250	0
203.854980	0
203.854980	1
203.878952	1
203.878952	2
203.886017	2
203.886017	1
204.463516	1
204.463516	2
204.521439	2
204.521439	3
204.530518	3
204.530518	2
204.886887	2
204.886887	3
205.131104	3
205.131104	2
205.147308	2
205.147308	3
205.156326	3
205.156326	2
205.185104	2
205.185104	3
205.322510	3
205.322510	2
205.407410	2
205.407410	1
205.490891	1
205.490891	2
205.608932	2
205.608932	1
205.702408	1
205.702408	2
206.144638	2
206.144638	1
206.832260	1
206.832260	2
206.879639	2
206.879639	1
206.909744	1
206.909744	2
207.068237	2
207.068237	1
207.072342	1
207.072342	0
207.268707	0
207.268707	1
207.333755	1
207.333755	2
207.350098	2
207.350098	1
207.367126	1
207.367126	0
207.453842	0
207.453842	1
207.560608	1
207.560608	0
207.677490	0
207.677490	1
208.241226	1
208.241226	0
208.655243	0
208.655243	1
208.760117	1
208.760117	0
209.474945	0
209.474945	1
209.598663	1
209.598663	2
209.828873	2
209.828873	1
210.049713	1
210.049713	0
210.068741	0
210.068741	1
210.251602	1
210.251602	0
210.258606	0
210.258606	1
210.297821	1
210.297821	2
210.358917	2
210.358917	3
210.523148	3
210.523148	2
210.641251	2
210.641251	3
210.648178	3
210.648178	2
210.703049	2
210.703049	1
210.837082	1
210.837082	0
210.981461	0
210.981461	1
211.015320	1
211.015320	2
211.088303	2
211.088303	1
211.305542	1
211.305542	0
211.458740	0
211.458740	1
211.460052	1
211.460052	0
211.578629	0
211.578629	1
211.618423	1
211.618423	2
211.858917	2
211.858917	1
212.049225	1
212.049225	0
212.107941	0
212.107941	1
212.172821	1
212.172821	2
212.205643	2
212.205643	1
212.336014	1
212.336014	2
212.336197	2
212.336197	1
212.435379	1
212.435379	2
212.454834	2
212.454834	1
212.532394	1
212.532394	2
212.661346	2
212.661346	1
212.734100	1
212.734100	0
212.851212	0
212.851212	1
212.855576	1
212.855576	0
213.069855	0
213.069855	1
213.319901	1
213.319901	2
213.512115	2
213.512115	3
214.348343	3
214.348343	2
214.462067	2
214.462067	1
214.735199	1
214.735199	2
215.258575	2
215.258575	3
215.261902	3
215.261902	2
215.311722	2
215.311722	3
215.644135	3
215.644135	2
215.725327	2
215.725327	1
215.737900	1
215.737900	0
216.593750	0
216.593750	1
216.925018	1
216.925018	2
216.935379	2
216.935379	1
217.011810	1
217.011810	2
217.134781	2
217.134781	3
218.004349	3
218.004349	2
218.056534	2
218.056534	1
218.065979	1
218.065979	2
218.340729	2
218.340729	1
218.457886	1
218.457886	0
219.063812	0
219.063812	1
219.353180	1
219.353180	2
219.516632	2
219.516632	1
219.582855	1
219.582855	2
219.699387	2
219.699387	1
219.817642	1
219.817642	2
219.867676	2
219.867676	3
220.305817	3
220.305817	2
220.353149	2
220.353149	1
220.414307	1
220.414307	0
220.872482	0
220.872482	1
220.879196	1
220.879196	0
221.459412	0
221.459412	1
221.634872	1
221.634872	2
221.664063	2
221.664063	3
222.410400	3
222.410400	2
222.433487	2
222.433487	3
222.437210	3
222.437210	2
222.483551	2
222.483551	3
222.531158	3
222.531158	2
223.096756	2
223.096756	1
223.114243	1
223.114243	2
223.272507	2
223.272507	1
223.457520	1
223.457520	0
223.919968	0
223.919968	1
224.094147	1
224.094147	2
224.116852	2
224.116852	1
224.320404	1
224.320404	0
224.412781	0
224.412781	1
224.478745	1
224.478745	2
224.615738	2
224.615738	1
224.764923	1
224.764923	2
224.906174	2
224.906174	1
225.080978	1
225.080978	0
225.112045	0
225.112045	1
225.279770	1
225.279770	0
225.394623	0
225.394623	1
225.440414	1
225.440414	2
225.639252	2
225.639252	1
225.891296	1
225.891296	2
225.912796	2
225.912796	1
226.113144	1
226.113144	0
226.324814	0
226.324814	1
226.360229	1
226.360229	0
226.810333	0
226.810333	1
226.931625	1
226.931625	0
227.250488	0
227.250488	1
227.597244	1
227.597244	0
227.882385	0
227.882385	1
227.913208	1
227.913208	0
227.937912	0
227.937912	1
228.321899	1
228.321899	2
228.341248	2
228.341248	3
228.454102	3
228.454102	2
228.722672	2
228.722672	3
228.932617	3
228.932617	2
228.943390	2
228.943390	1
229.148407	1
229.148407	2
229.326111	2
229.326111	1
229.362411	1
229.362411	2
229.382675	2
229.382675	3
231.164124	3
231.164124	2
231.518570	2
231.518570	3
231.572357	3
231.572357	2
231.887115	2
231.887115	1
232.049820	1
232.049820	2
232.189972	2
232.189972	3
232.274307	3
232.274307	2
232.308823	2
232.308823	3
233.597504	3
233.597504	2
233.611145	2
233.611145	1
233.719131	1
233.719131	0
234.056335	0
234.056335	1
234.161774	1
234.161774	2
234.309143	2
234.309143	1
234.633743	1
234.633743	0
234.652344	0
234.652344	1
234.654984	1
234.654984	0
234.724823	0
234.724823	1
234.904800	1
234.904800	2
235.212784	2
235.212784	1
235.596832	1
235.596832	0
236.037689	0
236.037689	1
236.058472	1
236.058472	2
236.100708	2
236.100708	1
236.248032	1
236.248032	0
236.807861	0
236.807861	1
236.940506	1
236.940506	0
237.053864	0
237.053864	1
237.183807	1
237.183807	2
237.239639	2
237.239639	3
237.713272	3
237.713272	2
237.716721	2
237.716721	1
237.845459	1
237.845459	0
238.952682	0
238.952682	1
239.036423	1
239.036423	0
239.160736	0
239.160736	1
239.242004	1
239.242004	2
239.426483	2
239.426483	1
239.542480	1
239.542480	0
239.663528	0
239.663528	1
239.763733	1
239.763733	0
239.871658	0
239.871658	1
239.896042	1
239.896042	0
240.043823	0
240.043823	1
240.112000	1
240.112000	0
240.512604	0
240.512604	1
240.671265	1
240.671265	0
240.797760	0
240.797760	1
241.314514	1
241.314514	0
241.430481	0
241.430481	1
241.434067	1
241.434067	0
241.523026	0
241.523026	1
241.773224	1
241.773224	0
241.864914	0
241.864914	1
241.984924	1
241.984924	0
242.114426	0
242.114426	1
242.508011	1
242.508011	2
242.514023	2
242.514023	3
242.809494	3
242.809494	2
242.851807	2
242.851807	1
242.866043	1
242.866043	0
243.103134	0
243.103134	1
243.212860	1
243.212860	2
243.431000	2
243.431000	1
243.513062	1
243.513062	2
243.573120	2
243.573120	3
243.729111	3
243.729111	2
243.860977	2
243.860977	1
243.989990	1
243.989990	2
244.158432	2
244.158432	3
244.215561	3
244.215561	2
244.357468	2
244.357468	1
244.395737	1
244.395737	2
244.753830	2
244.753830	1
244.799179	1
244.799179	0
244.840927	0
244.840927	1
244.884277	1
244.884277	0
245.249451	0
245.249451	1
245.275665	1
245.275665	0
245.365128	0
245.365128	1
245.435196	1
245.435196	2
245.685852	2
245.685852	1
245.743744	1
245.743744	2
245.877502	2
245.877502	3
246.114304	3
246.114304	2
246.276428	2
246.276428	1
246.324219	1
246.324219	0
246.665237	0
246.665237	1
246.844208	1
246.844208	0
246.847870	0
246.847870	1
246.890701	1
246.890701	2
247.041626	2
247.041626	1
247.565018	1
247.565018	2
247.667862	2
247.667862	1
247.738907	1
247.738907	0
248.187378	0
248.187378	1
248.191544	1
248.191544	0
248.422897	0
248.422897	1
248.644516	1
248.644516	2
249.132675	2
249.132675	1
249.501434	1
249.501434	2
249.574127	2
249.574127	3
249.667618	3
249.667618	2
249.672058	2
249.672058	1
250.018478	1
250.018478	0
251.088165	0
251.088165	1
251.150742	1
251.150742	2
251.249878	2
251.249878	3
251.529236	3
251.529236	2
251.600327	2
251.600327	3
253.714661	3
253.714661	2
253.769180	2
253.769180	1
254.078293	1
254.078293	2
254.167160	2
254.167160	1
254.400894	1
254.400894	2
254.620056	2
254.620056	1
254.669754	1
254.669754	0
254.764343	0
254.764343	1
255.009048	1
255.009048	0
255.784637	0
255.784637	1
255.910690	1
255.910690	0
256.054565	0
256.054565	1
256.088562	1
256.088562	0
256.399475	0
256.399475	1
256.507751	1
256.507751	2
256.609894	2
256.609894	1
256.685059	1
256.685059	2
256.706451	2
256.706451	1
256.756836	1
256.756836	2
257.641754	2
257.641754	3
258.448364	3
258.448364	2
258.554993	2
258.554993	1
258.682922	1
258.682922	2
258.692352	2
258.692352	3
258.896576	3
258.896576	2
259.009888	2
259.009888	1
259.294830	1
259.294830	2
259.430206	2
259.430206	3
259.535522	3
259.535522	2
259.842926	2
259.842926	1
259.940186	1
259.940186	0
260.629578	0
260.629578	1
260.838196	1
260.838196	2
261.137756	2
261.137756	1
261.168640	1
261.168640	0
261.452240	0
261.452240	1
261.625793	1
261.625793	2
261.778076	2
261.778076	3
261.783173	3
261.783173	2
262.056213	2
262.056213	1
262.167908	1
262.167908	0
262.351044	0
262.351044	1
262.369537	1
262.369537	2
262.466980	2
262.466980	3
262.597748	3
262.597748	2
262.638428	2
262.638428	3
262.814697	3
262.814697	2
263.036621	2
263.036621	1
263.345703	1
263.345703	2
263.633636	2
263.633636	1
263.722870	1
263.722870	2
263.745331	2
263.745331	1
263.751068	1
263.751068	2
263.801849	2
263.801849	1
263.992004	1
263.992004	2
264.161865	2
264.161865	1
264.380493	1
264.380493	2
264.387817	2
264.387817	3
264.729462	3
264.729462	2
264.873169	2
264.873169	1
264.937714	1
264.937714	0
265.770142	0
265.770142	1
265.838867	1
265.838867	0
266.647614	0
266.647614	1
266.946686	1
266.946686	0
268.145782	0
268.145782	1
268.280518	1
268.280518	2
268.304871	2
268.304871	1
268.320190	1
268.320190	0
268.547699	0
268.547699	1
268.606750	1
268.606750	2
269.088440	2
269.088440	1
269.564423	1
269.564423	0
269.840118	0
269.840118	1
270.305328	1
270.305328	2
270.308655	2
270.308655	1
270.384033	1
270.384033	0
270.863586	0
270.863586	1
270.869171	1
270.869171	0
271.477814	0
271.477814	1
271.656616	1
271.656616	0
271.690674	0
271.690674	1
271.809540	1
271.809540	0
272.419250	0
272.419250	1
272.535492	1
272.535492	0
273.040833	0
273.040833	1
273.262848	1
273.262848	2
273.314056	2
273.314056	3
273.421570	3
273.421570	2
273.597412	2
273.597412	3
273.618683	3
273.618683	2
273.620300	2
273.620300	1
273.660187	1
273.660187	2
273.811707	2
273.811707	1
274.096130	1
274.096130	0
274.654602	0
274.654602	1
274.674011	1
274.674011	0
275.014923	0
275.014923	1
275.119904	1
275.119904	0
275.309174	0
275.309174	1
275.576599	1
275.576599	2
275.636627	2
275.636627	3
275.656372	3
275.656372	2
275.668243	2
275.668243	3
275.675415	3
275.675415	2
276.009277	2
276.009277	3
277.149353	3
277.149353	2
277.264740	2
277.264740	3
277.590607	3
277.590607	2
277.625061	2
277.625061	3
277.762451	3
277.762451	2
277.989624	2
277.989624	1
278.025299	1
278.025299	2
278.035370	2
278.035370	1
278.422882	1
278.422882	2
278.447052	2
278.447052	1
278.505554	1
278.505554	0
279.087036	0
279.087036	1
279.228363	1
279.228363	2
279.241852	2
279.241852	1
279.250305	1
279.250305	2
279.538635	2
279.538635	3
280.006714	3
280.006714	2
280.047974	2
280.047974	1
280.056854	1
280.056854	2
280.152924	2
280.152924	1
280.214600	1
280.214600	2
280.267273	2
280.267273	1
280.353577	1
280.353577	0
281.048523	0
281.048523	1
281.815247	1
281.815247	0
281.869659	0
281.869659	1
281.904633	1
281.904633	2
282.083679	2
282.083679	3
282.114136	3
282.114136	2
282.145203	2
282.145203	3
282.181061	3
282.181061	2
282.234131	2
282.234131	1
282.299866	1
282.299866	2
282.311066	2
282.311066	1
282.368713	1
282.368713	2
282.407898	2
282.407898	1
282.484741	1
282.484741	0
282.631622	0
282.631622	1
282.763397	1
282.763397	2
282.765839	2
282.765839	1
282.795380	1
282.795380	2
283.390350	2
283.390350	1
283.680878	1
283.680878	2
283.690735	2
283.690735	1
283.731689	1
283.731689	0
283.733337	0
283.733337	1
283.908234	1
283.908234	0
283.911835	0
283.911835	1
283.922516	1
283.922516	2
284.338806	2
284.338806	1
284.439880	1
284.439880	0
284.656097	0
284.656097	1
284.993286	1
284.993286	0
285.119232	0
285.119232	1
285.121735	1
285.121735	0
285.500946	0
285.500946	1
285.661591	1
285.661591	2
285.726898	2
285.726898	3
285.859650	3
285.859650	2
285.934845	2
285.934845	3
285.948578	3
285.948578	2
287.453247	2
287.453247	1
287.598969	1
287.598969	0
287.601196	0
287.601196	1
287.615356	1
287.615356	0
287.849976	0
287.849976	1
287.932617	1
287.932617	2
288.035461	2
288.035461	1
288.065796	1
288.065796	0
288.482513	0
288.482513	1
288.632660	1
288.632660	0
289.255127	0
289.255127	1
289.368530	1
289.368530	0
290.222534	0
290.222534	1
290.241882	1
290.241882	0
290.564331	0
290.564331	1
290.626678	1
290.626678	2
290.636139	2
290.636139	1
291.518463	1
291.518463	2
291.657623	2
291.657623	1
291.747314	1
291.747314	2
291.776031	2
291.776031	3
291.921417	3
291.921417	2
292.010986	2
292.010986	3
292.025543	3
292.025543	2
292.048645	2
292.048645	3
292.265900	3
292.265900	2
292.477081	2
292.477081	1
292.625214	1
292.625214	0
293.051788	0
293.051788	1
293.126526	1
293.126526	2
293.319244	2
293.319244	3
296.359985	3
296.359985	2
296.378876	2
296.378876	1
296.518005	1
296.518005	2
296.846802	2
296.846802	3
297.130951	3
297.130951	2
297.257965	2
297.257965	1
297.284973	1
297.284973	0
297.468201	0
297.468201	1
297.478546	1
297.478546	0
297.904755	0
297.904755	1
298.064484	1
298.064484	2
298.313751	2
298.313751	1
298.392090	1
298.392090	0
298.494019	0
298.494019	1
298.607666	1
298.607666	2
298.661469	2
298.661469	1
299.080414	1
299.080414	0
299.271088	0
299.271088	1
299.303711	1
299.303711	0
299.643829	0
299.643829	1
299.691071	1
299.691071	2
299.736084	2
299.736084	3
299.817871	3
299.817871	2
299.917755	2
299.917755	3
299.920990	3
299.920990	2
299.930939	2
299.930939	3
300.036804	3
300.036804	2
300.152313	2
300.152313	1
300.353333	1
300.353333	0
